Iadj=[40 60]*1E-6
R1=240
R2=7500
Vout=1.25*(1+R2/R1)+Iadj*R2